1714781 16 2966899 16 3815956 12 4465964 16 5057075 12 5256200 64 6069986 4 6332632 68 6568704 124 7424773 40 7681079 4 7882309 8 8680983 8 11045956 24 11704143 112 12362843 8 13020501 8 14075260 312 14272897 16 15522693 24 16114872 12 16314543 100 16777193 16 -1 -1
1128719 4 1514281 516 1776690 4 3812143 4 4465964 156 5649209 8 5787477 48 6251631 40 6566964 124 7816774 8 8147538 84 11041915 4 11105902 4 11107443 12 12161136 8 -1 -1
1086556 96 2774528 4 2903048 92 3451004 4 3688968 4 5946253 424 6602900 32 9755832 4 12004131 12 12067892 192 14971996 128 15840363 32 -1 -1
2903048 12 2917412 36 2924403 24 3451004 40 5946253 888 9296050 24 -1 -1
5946253 240 11658651 84 11853460 232 12706720 36 13297312 4 14333060 68 15262088 352 16113754 8 -1 -1
2362843 16 13172618 4 13611661 16 14075260 16 15262088 916 15522693 8 15526024 44 15590785 4 -1 -1
8080979 16 8147538 84 10187634 8 11105902 8 11107443 348 12161136 8 13611661 520 15125679 32 -1 -1
11045956 160 11704143 72 14075260 520 14272897 264 15262088 4 15585426 4 -1 -1
263168 56 988202 60 1514281 4 1714781 28 2895695 16 3280151 40 4208736 4 5619348 8 5902614 52 6602900 12 6933671 20 7308441 16 11380951 8 12004131 48 16119284 32 16777215 4 -1 -1
5619348 20 5946253 60 5951651 4 6210208 16 6800800 76 7525035 16 11461798 8 11658651 4 11789732 112 12116128 16 12706720 328 13297312 44 14333060 128 15526024 192 -1 -1
263168 208 6251631 56 7308441 60 7431789 396 9081524 28 10205138 52 10264227 28 12043489 4 14541538 12 14803442 180 -1 -1
6332632 1024 -1 -1
1086556 24 2505216 176 2652709 236 2924403 168 3094784 4 5946253 344 9296050 72 -1 -1
1086556 24 2903048 184 2917412 248 3451004 192 5946253 228 6602900 76 9755832 72 -1 -1
